score: -94.870131
duration: 2.101459
